 players | pairs | matches | rounds | rest 
---------+-------+---------+--------+------
       4       6       3          3
       5      10       5          5
       6      15       7.5        7      1
       7      21      10.5       10      1
       8      28      14          7
       9      36      18          9
      10      45      22.5       11      1
      11      55      27.5       13      3
      12      66      33         11      
      13      78      39         13      
      14      91      45.5       15      1
      15     105      52.5       17      3
      16     120      60         15      
      17     136      68         17      
      18     153      76.5       19      1
      19     171      85.5       21      3
      20     190      95         19

