


 4 players
players: 4, is scheduled?? true on step 0
[[1, 2], [3, 4]]
[[1, 3], [2, 4]]
[[1, 4], [2, 3]]



 5 players
players: 5, is scheduled?? true on step 2
[[2, 3], [1, 4]]
[[1, 5], [2, 4]]
[[1, 3], [4, 5]]
[[2, 5], [3, 4]]
[[3, 5], [1, 2]]



 6 players
players: 6, is scheduled?? true on step 1
[[1, 5], [2, 6]]
[[2, 5], [1, 6]]
[[4, 5], [3, 6]]
[[2, 4], [1, 3]]
[[5, 6], [3, 4]]
[[1, 2], [4, 6]]
[[3, 5], [1, 4]]
[[2, 3]]



 7 players
players: 7, is scheduled?? true on step 0
[[1, 2], [3, 4]]
[[3, 5], [4, 6]]
[[4, 7], [5, 6]]
[[5, 7], [1, 3]]
[[1, 4], [2, 3]]
[[2, 4], [3, 6]]
[[3, 7], [4, 5]]
[[6, 7], [1, 5]]
[[1, 6], [2, 5]]
[[2, 6], [1, 7]]
[[2, 7]]



 8 players
players: 8, is scheduled?? true on step 0
[[1, 2], [3, 4], [5, 6], [7, 8]]
[[1, 3], [2, 4], [5, 7], [6, 8]]
[[1, 4], [2, 3], [5, 8], [6, 7]]
[[1, 5], [2, 6], [3, 7], [4, 8]]
[[1, 6], [2, 5], [3, 8], [4, 7]]
[[1, 7], [2, 8], [3, 5], [4, 6]]
[[1, 8], [2, 7], [3, 6], [4, 5]]



 9 players
players: 9, is scheduled?? true on step 21
[[1, 6], [2, 4], [3, 8], [5, 7]]
[[2, 9], [4, 7], [5, 8], [1, 3]]
[[6, 8], [4, 9], [3, 7], [1, 5]]
[[2, 8], [3, 6], [5, 9], [1, 4]]
[[3, 5], [1, 7], [2, 6], [8, 9]]
[[1, 2], [6, 7], [4, 8], [3, 9]]
[[4, 6], [2, 5], [1, 8], [7, 9]]
[[5, 6], [2, 7], [1, 9], [3, 4]]
[[2, 3], [4, 5], [6, 9], [7, 8]]



 10 players
players: 10, is scheduled?? true on step 1
[[3, 9], [1, 6], [2, 8], [4, 10]]
[[3, 10], [2, 9], [1, 5], [6, 8]]
[[5, 10], [4, 9], [3, 8], [2, 7]]
[[1, 7], [6, 10], [5, 9], [4, 8]]
[[4, 5], [3, 7], [2, 6], [1, 10]]
[[1, 8], [7, 10], [4, 6], [3, 5]]
[[2, 10], [1, 9], [6, 7], [5, 8]]
[[5, 7], [2, 3], [1, 4], [9, 10]]
[[8, 9], [4, 7], [3, 6], [2, 5]]
[[2, 4], [1, 3], [8, 10], [7, 9]]
[[7, 8], [5, 6], [3, 4], [1, 2]]
[[6, 9]]



 11 players
players: 11, is scheduled?? true on step 8
[[1, 11], [8, 10], [6, 9], [3, 4]]
[[5, 6], [7, 8], [1, 3], [2, 4]]
[[2, 5], [3, 6], [4, 7], [8, 9]]
[[8, 11], [9, 10], [1, 4], [2, 3]]
[[2, 6], [4, 8], [7, 11], [1, 5]]
[[2, 8], [6, 11], [1, 10], [7, 9]]
[[2, 11], [1, 6], [3, 10], [4, 5]]
[[5, 9], [4, 6], [2, 10], [3, 7]]
[[6, 8], [4, 11], [3, 5], [2, 7]]
[[4, 9], [5, 7], [10, 11], [1, 8]]
[[1, 9], [7, 10], [3, 11], [5, 8]]
[[1, 2], [4, 10], [3, 9], [6, 7]]
[[9, 11], [3, 8], [5, 10], [1, 7]]
[[2, 9], [5, 11], [6, 10]]



 12 players
[[3, 12], [1, 4], [4, 11], [8, 11], [9, 12], [3, 5]]
[[2, 4], [3, 10], [1, 9], [6, 11], [1, 6], [7, 10]]
[[3, 9], [1, 11], [9, 10], [5, 8], [6, 7], [2, 6]]
[[4, 7], [5, 7], [2, 10], [10, 11], [5, 12], [4, 9]]
[[5, 6], [7, 8], [4, 6], [4, 12], [1, 10], [6, 8]]
[[5, 10], [2, 5], [1, 5], [7, 11], [1, 8], [8, 12]]
[[1, 7], [3, 6], [9, 11], [7, 12], [3, 8], [1, 2]]
[[10, 12], [6, 10], [3, 4], [8, 10], [2, 7], [4, 8]]
[[8, 9], [7, 9], [2, 11], [4, 5], [3, 7], [11, 12]]
[[2, 8], [4, 10], [5, 11], [2, 12], [6, 9], [1, 3]]
[[2, 3], [1, 12], [2, 9], [5, 9], [3, 11], [6, 12]]



 13 players
players: 13, is scheduled?? true on step 35
[[6, 12], [8, 11], [5, 13], [7, 10], [1, 4], [3, 9]]
[[4, 6], [1, 5], [8, 12], [2, 10], [7, 13], [9, 11]]
[[5, 7], [6, 10], [1, 8], [2, 4], [3, 13], [11, 12]]
[[1, 12], [2, 13], [3, 5], [4, 10], [6, 9], [7, 8]]
[[3, 12], [1, 9], [6, 8], [10, 11], [2, 5], [4, 7]]
[[10, 13], [3, 6], [2, 7], [5, 11], [4, 8], [9, 12]]
[[11, 13], [3, 7], [5, 10], [2, 9], [1, 6], [4, 12]]
[[8, 9], [3, 10], [1, 11], [6, 13], [4, 5], [2, 12]]
[[7, 12], [5, 9], [3, 8], [6, 11], [1, 2], [4, 13]]
[[9, 10], [1, 13], [5, 6], [2, 8], [7, 11], [3, 4]]
[[8, 13], [1, 3], [4, 9], [10, 12], [2, 11], [6, 7]]
[[3, 11], [9, 13], [8, 10], [2, 6], [5, 12], [1, 7]]
[[5, 8], [7, 9], [2, 3], [4, 11], [1, 10], [12, 13]]



 14 players
players: 14, is scheduled?? true on step 45
[[3, 12], [10, 11], [4, 6], [1, 2], [5, 13], [7, 14]]
[[9, 12], [2, 6], [8, 13], [3, 5], [4, 10], [1, 14]]
[[2, 3], [7, 10], [8, 9], [5, 11], [4, 13], [6, 14]]
[[1, 12], [9, 10], [2, 8], [5, 14], [3, 7], [6, 13]]
[[11, 12], [3, 10], [13, 14], [1, 5], [4, 9], [7, 8]]
[[2, 5], [7, 9], [1, 4], [6, 11], [12, 13], [3, 14]]
[[4, 5], [8, 10], [1, 11], [6, 7], [9, 13], [2, 14]]
[[3, 4], [11, 13], [5, 10], [9, 14], [2, 7], [1, 8]]
[[6, 12], [2, 10], [4, 14], [3, 8], [7, 13], [9, 11]]
[[5, 6], [1, 10], [8, 14], [2, 12], [4, 11], [3, 13]]
[[5, 7], [4, 8], [6, 9], [2, 11], [10, 12], [1, 13]]
[[6, 10], [2, 9], [5, 8], [4, 12], [3, 11], [1, 7]]
[[7, 12], [1, 3], [11, 14], [6, 8], [2, 13], [5, 9]]
[[8, 12], [10, 13], [7, 11], [3, 9], [2, 4], [1, 6]]
[[5, 12], [10, 14], [4, 7], [1, 9], [3, 6], [8, 11]]
[[12, 14]]



 15 players
players: 15, is scheduled?? true on step 51
[[6, 7], [4, 8], [3, 13], [10, 15], [9, 11], [1, 2]]
[[4, 13], [9, 10], [3, 5], [8, 15], [6, 12], [7, 14]]
[[10, 13], [2, 15], [5, 12], [1, 11], [8, 9], [3, 7]]
[[2, 4], [6, 13], [1, 15], [3, 10], [7, 9], [8, 14]]
[[5, 10], [1, 4], [7, 11], [12, 13], [2, 14], [9, 15]]
[[13, 14], [3, 8], [1, 6], [2, 10], [4, 7], [11, 12]]
[[5, 15], [9, 12], [1, 14], [8, 13], [2, 6], [3, 4]]
[[2, 11], [7, 8], [5, 14], [9, 13], [4, 6], [1, 3]]
[[10, 14], [7, 12], [3, 6], [2, 9], [4, 15], [11, 13]]
[[12, 14], [7, 10], [1, 5], [13, 15], [4, 9], [6, 11]]
[[3, 12], [2, 7], [6, 15], [1, 8], [11, 14], [5, 9]]
[[2, 12], [5, 11], [1, 9], [3, 15], [6, 8], [4, 10]]
[[8, 12], [7, 15], [6, 9], [4, 14], [5, 13], [1, 10]]
[[6, 14], [7, 13], [4, 11], [2, 5], [8, 10], [1, 12]]
[[3, 9], [11, 15], [2, 13], [5, 6], [4, 12], [1, 7]]
[[2, 8], [14, 15], [10, 12], [4, 5], [1, 13], [3, 11]]
[[5, 7], [6, 10], [8, 11], [9, 14], [12, 15], [2, 3]]
[[5, 8], [3, 14], [10, 11]]
