


 4 players
players: 4, is scheduled?? true on step 0
[[1, 2], [3, 4]]
[[1, 3], [2, 4]]
[[1, 4], [2, 3]]



 5 players
players: 5, is scheduled?? true on step 2
[[2, 3], [1, 4]]
[[1, 5], [2, 4]]
[[1, 3], [4, 5]]
[[2, 5], [3, 4]]
[[3, 5], [1, 2]]



 6 players
players: 6, is scheduled?? true on step 1
[[1, 5], [2, 6]]
[[2, 5], [1, 6]]
[[4, 5], [3, 6]]
[[2, 4], [1, 3]]
[[5, 6], [3, 4]]
[[1, 2], [4, 6]]
[[3, 5], [1, 4]]
[[2, 3]]



 7 players
players: 7, is scheduled?? true on step 0
[[1, 2], [3, 4]]
[[3, 5], [4, 6]]
[[4, 7], [5, 6]]
[[5, 7], [1, 3]]
[[1, 4], [2, 3]]
[[2, 4], [3, 6]]
[[3, 7], [4, 5]]
[[6, 7], [1, 5]]
[[1, 6], [2, 5]]
[[2, 6], [1, 7]]
[[2, 7]]



 8 players
players: 8, is scheduled?? true on step 0
[[1, 2], [3, 4], [5, 6], [7, 8]]
[[1, 3], [2, 4], [5, 7], [6, 8]]
[[1, 4], [2, 3], [5, 8], [6, 7]]
[[1, 5], [2, 6], [3, 7], [4, 8]]
[[1, 6], [2, 5], [3, 8], [4, 7]]
[[1, 7], [2, 8], [3, 5], [4, 6]]
[[1, 8], [2, 7], [3, 6], [4, 5]]



 9 players
players: 9, is scheduled?? true on step 21
[[1, 6], [2, 4], [3, 8], [5, 7]]
[[2, 9], [4, 7], [5, 8], [1, 3]]
[[6, 8], [4, 9], [3, 7], [1, 5]]
[[2, 8], [3, 6], [5, 9], [1, 4]]
[[3, 5], [1, 7], [2, 6], [8, 9]]
[[1, 2], [6, 7], [4, 8], [3, 9]]
[[4, 6], [2, 5], [1, 8], [7, 9]]
[[5, 6], [2, 7], [1, 9], [3, 4]]
[[2, 3], [4, 5], [6, 9], [7, 8]]



 10 players
players: 10, is scheduled?? true on step 1
[[3, 9], [1, 6], [2, 8], [4, 10]]
[[3, 10], [2, 9], [1, 5], [6, 8]]
[[5, 10], [4, 9], [3, 8], [2, 7]]
[[1, 7], [6, 10], [5, 9], [4, 8]]
[[4, 5], [3, 7], [2, 6], [1, 10]]
[[1, 8], [7, 10], [4, 6], [3, 5]]
[[2, 10], [1, 9], [6, 7], [5, 8]]
[[5, 7], [2, 3], [1, 4], [9, 10]]
[[8, 9], [4, 7], [3, 6], [2, 5]]
[[2, 4], [1, 3], [8, 10], [7, 9]]
[[7, 8], [5, 6], [3, 4], [1, 2]]
[[6, 9]]



 11 players
players: 11, is scheduled?? true on step 8
[[1, 11], [8, 10], [6, 9], [3, 4]]
[[5, 6], [7, 8], [1, 3], [2, 4]]
[[2, 5], [3, 6], [4, 7], [8, 9]]
[[8, 11], [9, 10], [1, 4], [2, 3]]
[[2, 6], [4, 8], [7, 11], [1, 5]]
[[2, 8], [6, 11], [1, 10], [7, 9]]
[[2, 11], [1, 6], [3, 10], [4, 5]]
[[5, 9], [4, 6], [2, 10], [3, 7]]
[[6, 8], [4, 11], [3, 5], [2, 7]]
[[4, 9], [5, 7], [10, 11], [1, 8]]
[[1, 9], [7, 10], [3, 11], [5, 8]]
[[1, 2], [4, 10], [3, 9], [6, 7]]
[[9, 11], [3, 8], [5, 10], [1, 7]]
[[2, 9], [5, 11], [6, 10]]



 12 players
players: 12, is scheduled?? true on step 1458
[[5, 10], [2, 4], [1, 7], [8, 9], [6, 12], [3, 11]]
[[3, 4], [1, 2], [6, 7], [8, 10], [9, 11], [5, 12]]
[[3, 10], [1, 4], [2, 8], [5, 6], [11, 12], [7, 9]]
[[1, 3], [7, 10], [5, 8], [2, 9], [6, 11], [4, 12]]
[[3, 12], [6, 9], [7, 8], [4, 5], [1, 11], [2, 10]]
[[2, 11], [6, 10], [4, 8], [5, 7], [3, 9], [1, 12]]
[[1, 5], [4, 11], [3, 6], [2, 7], [8, 12], [9, 10]]
[[9, 12], [8, 11], [3, 5], [1, 10], [4, 7], [2, 6]]
[[2, 5], [10, 11], [1, 6], [4, 9], [7, 12], [3, 8]]
[[4, 10], [1, 9], [3, 7], [2, 12], [6, 8], [5, 11]]
[[7, 11], [4, 6], [2, 3], [10, 12], [1, 8], [5, 9]]



 13 players
players: 13, is scheduled?? true on step 35
[[6, 12], [8, 11], [5, 13], [7, 10], [1, 4], [3, 9]]
[[4, 6], [1, 5], [8, 12], [2, 10], [7, 13], [9, 11]]
[[5, 7], [6, 10], [1, 8], [2, 4], [3, 13], [11, 12]]
[[1, 12], [2, 13], [3, 5], [4, 10], [6, 9], [7, 8]]
[[3, 12], [1, 9], [6, 8], [10, 11], [2, 5], [4, 7]]
[[10, 13], [3, 6], [2, 7], [5, 11], [4, 8], [9, 12]]
[[11, 13], [3, 7], [5, 10], [2, 9], [1, 6], [4, 12]]
[[8, 9], [3, 10], [1, 11], [6, 13], [4, 5], [2, 12]]
[[7, 12], [5, 9], [3, 8], [6, 11], [1, 2], [4, 13]]
[[9, 10], [1, 13], [5, 6], [2, 8], [7, 11], [3, 4]]
[[8, 13], [1, 3], [4, 9], [10, 12], [2, 11], [6, 7]]
[[3, 11], [9, 13], [8, 10], [2, 6], [5, 12], [1, 7]]
[[5, 8], [7, 9], [2, 3], [4, 11], [1, 10], [12, 13]]



 14 players
players: 14, is scheduled?? true on step 45
[[3, 12], [10, 11], [4, 6], [1, 2], [5, 13], [7, 14]]
[[9, 12], [2, 6], [8, 13], [3, 5], [4, 10], [1, 14]]
[[2, 3], [7, 10], [8, 9], [5, 11], [4, 13], [6, 14]]
[[1, 12], [9, 10], [2, 8], [5, 14], [3, 7], [6, 13]]
[[11, 12], [3, 10], [13, 14], [1, 5], [4, 9], [7, 8]]
[[2, 5], [7, 9], [1, 4], [6, 11], [12, 13], [3, 14]]
[[4, 5], [8, 10], [1, 11], [6, 7], [9, 13], [2, 14]]
[[3, 4], [11, 13], [5, 10], [9, 14], [2, 7], [1, 8]]
[[6, 12], [2, 10], [4, 14], [3, 8], [7, 13], [9, 11]]
[[5, 6], [1, 10], [8, 14], [2, 12], [4, 11], [3, 13]]
[[5, 7], [4, 8], [6, 9], [2, 11], [10, 12], [1, 13]]
[[6, 10], [2, 9], [5, 8], [4, 12], [3, 11], [1, 7]]
[[7, 12], [1, 3], [11, 14], [6, 8], [2, 13], [5, 9]]
[[8, 12], [10, 13], [7, 11], [3, 9], [2, 4], [1, 6]]
[[5, 12], [10, 14], [4, 7], [1, 9], [3, 6], [8, 11]]
[[12, 14]]



 15 players
players: 15, is scheduled?? true on step 51
[[6, 7], [4, 8], [3, 13], [10, 15], [9, 11], [1, 2]]
[[4, 13], [9, 10], [3, 5], [8, 15], [6, 12], [7, 14]]
[[10, 13], [2, 15], [5, 12], [1, 11], [8, 9], [3, 7]]
[[2, 4], [6, 13], [1, 15], [3, 10], [7, 9], [8, 14]]
[[5, 10], [1, 4], [7, 11], [12, 13], [2, 14], [9, 15]]
[[13, 14], [3, 8], [1, 6], [2, 10], [4, 7], [11, 12]]
[[5, 15], [9, 12], [1, 14], [8, 13], [2, 6], [3, 4]]
[[2, 11], [7, 8], [5, 14], [9, 13], [4, 6], [1, 3]]
[[10, 14], [7, 12], [3, 6], [2, 9], [4, 15], [11, 13]]
[[12, 14], [7, 10], [1, 5], [13, 15], [4, 9], [6, 11]]
[[3, 12], [2, 7], [6, 15], [1, 8], [11, 14], [5, 9]]
[[2, 12], [5, 11], [1, 9], [3, 15], [6, 8], [4, 10]]
[[8, 12], [7, 15], [6, 9], [4, 14], [5, 13], [1, 10]]
[[6, 14], [7, 13], [4, 11], [2, 5], [8, 10], [1, 12]]
[[3, 9], [11, 15], [2, 13], [5, 6], [4, 12], [1, 7]]
[[2, 8], [14, 15], [10, 12], [4, 5], [1, 13], [3, 11]]
[[5, 7], [6, 10], [8, 11], [9, 14], [12, 15], [2, 3]]
[[5, 8], [3, 14], [10, 11]]



 16 players
players: 16, is scheduled?? true on step 0
[[1, 2], [3, 4], [5, 6], [7, 8], [9, 10], [11, 12], [13, 14], [15, 16]]
[[1, 3], [2, 4], [5, 7], [6, 8], [9, 11], [10, 12], [13, 15], [14, 16]]
[[1, 4], [2, 3], [5, 8], [6, 7], [9, 12], [10, 11], [13, 16], [14, 15]]
[[1, 5], [2, 6], [3, 7], [4, 8], [9, 13], [10, 14], [11, 15], [12, 16]]
[[1, 6], [2, 5], [3, 8], [4, 7], [9, 14], [10, 13], [11, 16], [12, 15]]
[[1, 7], [2, 8], [3, 5], [4, 6], [9, 15], [10, 16], [11, 13], [12, 14]]
[[1, 8], [2, 7], [3, 6], [4, 5], [9, 16], [10, 15], [11, 14], [12, 13]]
[[1, 9], [2, 10], [3, 11], [4, 12], [5, 13], [6, 14], [7, 15], [8, 16]]
[[1, 10], [2, 9], [3, 12], [4, 11], [5, 14], [6, 13], [7, 16], [8, 15]]
[[1, 11], [2, 12], [3, 9], [4, 10], [5, 15], [6, 16], [7, 13], [8, 14]]
[[1, 12], [2, 11], [3, 10], [4, 9], [5, 16], [6, 15], [7, 14], [8, 13]]
[[1, 13], [2, 14], [3, 15], [4, 16], [5, 9], [6, 10], [7, 11], [8, 12]]
[[1, 14], [2, 13], [3, 16], [4, 15], [5, 10], [6, 9], [7, 12], [8, 11]]
[[1, 15], [2, 16], [3, 13], [4, 14], [5, 11], [6, 12], [7, 9], [8, 10]]
[[1, 16], [2, 15], [3, 14], [4, 13], [5, 12], [6, 11], [7, 10], [8, 9]]



 18 players
players: 18, is scheduled?? true on step 33145
[[2, 7], [5, 11], [1, 17], [4, 14], [9, 13], [10, 12], [16, 18], [8, 15]]
[[8, 12], [7, 11], [9, 17], [2, 14], [4, 5], [6, 18], [1, 3], [13, 15]]
[[6, 16], [5, 18], [10, 15], [2, 8], [3, 9], [4, 17], [13, 14], [1, 11]]
[[9, 12], [10, 17], [6, 11], [1, 4], [14, 15], [2, 3], [7, 18], [13, 16]]
[[2, 16], [12, 15], [11, 13], [8, 14], [1, 9], [4, 7], [3, 18], [5, 6]]
[[1, 8], [9, 10], [4, 11], [3, 15], [7, 16], [12, 13], [5, 14], [6, 17]]
[[4, 6], [1, 2], [3, 16], [17, 18], [5, 10], [12, 14], [8, 11], [7, 15]]
[[6, 9], [15, 17], [4, 10], [2, 5], [1, 12], [8, 16], [14, 18], [3, 11]]
[[9, 16], [5, 8], [11, 14], [3, 12], [13, 18], [2, 17], [1, 6], [7, 10]]
[[12, 17], [3, 8], [6, 15], [5, 13], [7, 14], [1, 18], [11, 16], [2, 4]]
[[7, 12], [14, 17], [4, 15], [8, 10], [1, 13], [2, 18], [3, 5], [9, 11]]
[[10, 14], [5, 12], [13, 17], [11, 15], [3, 7], [2, 6], [4, 16], [9, 18]]
[[15, 18], [4, 9], [16, 17], [8, 13], [2, 12], [6, 10], [3, 14], [1, 7]]
[[9, 14], [5, 7], [2, 15], [4, 8], [11, 12], [6, 13], [1, 16], [10, 18]]
[[14, 16], [3, 6], [1, 10], [5, 17], [4, 12], [7, 9], [2, 11], [8, 18]]
[[15, 16], [6, 14], [3, 17], [2, 10], [7, 13], [4, 18], [1, 5], [8, 9]]
[[6, 7], [3, 10], [1, 15], [12, 16], [8, 17], [4, 13], [5, 9], [11, 18]]
[[3, 13], [11, 17], [2, 9], [5, 15], [7, 8], [6, 12], [1, 14], [10, 16]]
[[2, 13], [3, 4], [7, 17], [6, 8], [10, 11], [5, 16], [12, 18], [9, 15]]
[[10, 13]]



 19 players
players: 19, is scheduled?? true on step 91
[[1, 10], [3, 4], [12, 15], [6, 14], [5, 11], [7, 17], [13, 18], [2, 9]]
[[17, 19], [8, 18], [10, 11], [7, 14], [1, 4], [5, 13], [6, 12], [9, 16]]
[[2, 19], [11, 16], [5, 6], [3, 15], [8, 13], [1, 9], [10, 17], [4, 14]]
[[1, 8], [6, 19], [2, 5], [17, 18], [10, 15], [9, 12], [11, 14], [3, 7]]
[[8, 11], [4, 7], [5, 12], [2, 14], [6, 13], [1, 19], [3, 18], [10, 16]]
[[7, 8], [9, 19], [12, 14], [2, 3], [11, 13], [6, 18], [4, 15], [5, 17]]
[[3, 17], [9, 13], [4, 10], [6, 11], [14, 18], [2, 12], [1, 5], [15, 19]]
[[2, 11], [4, 19], [15, 17], [8, 9], [3, 5], [12, 18], [14, 16], [1, 6]]
[[6, 8], [13, 17], [5, 15], [1, 7], [4, 9], [3, 11], [2, 18], [16, 19]]
[[9, 17], [5, 18], [1, 13], [7, 16], [14, 19], [10, 12], [3, 6], [2, 8]]
[[6, 15], [7, 10], [1, 17], [2, 16], [4, 12], [3, 9], [5, 14], [11, 18]]
[[3, 12], [9, 15], [13, 19], [4, 11], [10, 18], [16, 17], [8, 14], [2, 6]]
[[10, 13], [6, 7], [2, 15], [8, 16], [1, 11], [3, 14], [12, 17], [18, 19]]
[[11, 17], [8, 15], [3, 19], [9, 14], [2, 4], [13, 16], [6, 10], [7, 12]]
[[5, 16], [14, 17], [1, 12], [7, 13], [9, 11], [8, 19], [2, 10], [15, 18]]
[[8, 10], [4, 18], [3, 13], [5, 9], [6, 16], [2, 17], [1, 15], [7, 19]]
[[1, 16], [12, 19], [8, 17], [5, 7], [6, 9], [10, 14], [11, 15], [4, 13]]
[[5, 19], [4, 17], [12, 13], [1, 18], [15, 16], [7, 11], [3, 8], [9, 10]]
[[3, 10], [4, 6], [12, 16], [9, 18], [13, 14], [7, 15], [5, 8], [1, 2]]
[[4, 8], [11, 12], [14, 15], [10, 19], [7, 9], [16, 18], [1, 3], [2, 13]]
[[1, 14], [4, 5], [7, 18], [6, 17], [3, 16], [8, 12], [11, 19], [13, 15]]
[[2, 7], [4, 16], [5, 10]]



 23 players
players: 23, is scheduled?? true on step 118921
[[12, 14], [1, 4], [18, 23], [3, 10], [7, 20], [8, 9], [5, 16], [2, 11], [17, 22], [6, 21]]
[[2, 8], [6, 23], [10, 18], [14, 15], [4, 9], [5, 20], [7, 16], [17, 21], [11, 19], [3, 13]]
[[3, 16], [2, 13], [9, 14], [1, 15], [20, 21], [19, 23], [8, 18], [5, 10], [6, 12], [11, 22]]
[[4, 18], [10, 20], [9, 12], [5, 6], [14, 21], [13, 16], [2, 17], [11, 15], [3, 7], [8, 19]]
[[16, 21], [20, 22], [14, 18], [7, 11], [2, 23], [12, 19], [6, 10], [3, 15], [1, 8], [9, 17]]
[[6, 13], [4, 10], [11, 17], [7, 22], [8, 12], [2, 3], [5, 18], [15, 23], [14, 16], [1, 20]]
[[15, 20], [6, 14], [13, 17], [8, 10], [1, 12], [16, 19], [3, 22], [9, 11], [4, 21], [7, 23]]
[[4, 15], [9, 21], [13, 20], [7, 8], [16, 23], [1, 2], [3, 14], [5, 19], [12, 18], [6, 22]]
[[5, 21], [13, 22], [11, 23], [16, 20], [3, 19], [1, 17], [10, 12], [2, 4], [7, 15], [6, 9]]
[[4, 6], [13, 18], [2, 9], [10, 21], [8, 11], [12, 20], [22, 23], [5, 17], [1, 7], [14, 19]]
[[16, 18], [3, 8], [12, 15], [2, 6], [9, 10], [19, 22], [1, 5], [14, 23], [13, 21], [17, 20]]
[[3, 12], [19, 20], [4, 14], [8, 21], [1, 9], [16, 17], [5, 23], [15, 18], [2, 22], [6, 7]]
[[4, 11], [9, 15], [12, 22], [7, 14], [3, 17], [1, 6], [2, 16], [20, 23], [18, 19], [10, 13]]
[[3, 18], [6, 17], [4, 5], [10, 19], [8, 15], [2, 14], [21, 23], [11, 13], [9, 20], [16, 22]]
[[3, 9], [6, 19], [17, 18], [1, 11], [2, 21], [8, 13], [5, 12], [15, 16], [14, 22], [4, 20]]
[[7, 13], [8, 22], [2, 12], [4, 23], [1, 3], [10, 15], [6, 11], [5, 9], [18, 20], [19, 21]]
[[7, 19], [1, 22], [5, 11], [3, 6], [2, 18], [14, 17], [9, 13], [4, 12], [8, 23], [10, 16]]
[[9, 22], [8, 17], [7, 21], [11, 12], [4, 13], [10, 23], [1, 18], [2, 5], [6, 15], [3, 20]]
[[7, 12], [6, 16], [1, 10], [5, 13], [14, 20], [11, 21], [15, 22], [4, 17], [9, 23], [2, 19]]
[[9, 16], [1, 23], [3, 4], [8, 20], [7, 17], [13, 15], [18, 22], [11, 14], [12, 21], [2, 10]]
[[1, 21], [9, 18], [8, 14], [5, 22], [10, 11], [13, 23], [2, 7], [12, 16], [15, 17], [4, 19]]
[[7, 9], [6, 8], [13, 19], [1, 14], [5, 15], [11, 18], [12, 17], [21, 22], [4, 16], [3, 23]]
[[3, 5], [15, 21], [11, 16], [9, 19], [2, 20], [7, 18], [4, 8], [12, 13], [10, 14], [17, 23]]
[[3, 11], [5, 7], [15, 19], [18, 21], [6, 20], [12, 23], [1, 16], [4, 22], [10, 17], [13, 14]]
[[8, 16], [4, 7], [11, 20], [6, 18], [2, 15], [17, 19], [5, 14], [3, 21], [1, 13], [10, 22]]
[[7, 10], [5, 8], [1, 19]]



 32 players
players: 32, is scheduled?? true on step 0
[[1, 2], [3, 4], [5, 6], [7, 8], [9, 10], [11, 12], [13, 14], [15, 16], [17, 18], [19, 20], [21, 22], [23, 24], [25, 26], [27, 28], [29, 30], [31, 32]]
[[1, 3], [2, 4], [5, 7], [6, 8], [9, 11], [10, 12], [13, 15], [14, 16], [17, 19], [18, 20], [21, 23], [22, 24], [25, 27], [26, 28], [29, 31], [30, 32]]
[[1, 4], [2, 3], [5, 8], [6, 7], [9, 12], [10, 11], [13, 16], [14, 15], [17, 20], [18, 19], [21, 24], [22, 23], [25, 28], [26, 27], [29, 32], [30, 31]]
[[1, 5], [2, 6], [3, 7], [4, 8], [9, 13], [10, 14], [11, 15], [12, 16], [17, 21], [18, 22], [19, 23], [20, 24], [25, 29], [26, 30], [27, 31], [28, 32]]
[[1, 6], [2, 5], [3, 8], [4, 7], [9, 14], [10, 13], [11, 16], [12, 15], [17, 22], [18, 21], [19, 24], [20, 23], [25, 30], [26, 29], [27, 32], [28, 31]]
[[1, 7], [2, 8], [3, 5], [4, 6], [9, 15], [10, 16], [11, 13], [12, 14], [17, 23], [18, 24], [19, 21], [20, 22], [25, 31], [26, 32], [27, 29], [28, 30]]
[[1, 8], [2, 7], [3, 6], [4, 5], [9, 16], [10, 15], [11, 14], [12, 13], [17, 24], [18, 23], [19, 22], [20, 21], [25, 32], [26, 31], [27, 30], [28, 29]]
[[1, 9], [2, 10], [3, 11], [4, 12], [5, 13], [6, 14], [7, 15], [8, 16], [17, 25], [18, 26], [19, 27], [20, 28], [21, 29], [22, 30], [23, 31], [24, 32]]
[[1, 10], [2, 9], [3, 12], [4, 11], [5, 14], [6, 13], [7, 16], [8, 15], [17, 26], [18, 25], [19, 28], [20, 27], [21, 30], [22, 29], [23, 32], [24, 31]]
[[1, 11], [2, 12], [3, 9], [4, 10], [5, 15], [6, 16], [7, 13], [8, 14], [17, 27], [18, 28], [19, 25], [20, 26], [21, 31], [22, 32], [23, 29], [24, 30]]
[[1, 12], [2, 11], [3, 10], [4, 9], [5, 16], [6, 15], [7, 14], [8, 13], [17, 28], [18, 27], [19, 26], [20, 25], [21, 32], [22, 31], [23, 30], [24, 29]]
[[1, 13], [2, 14], [3, 15], [4, 16], [5, 9], [6, 10], [7, 11], [8, 12], [17, 29], [18, 30], [19, 31], [20, 32], [21, 25], [22, 26], [23, 27], [24, 28]]
[[1, 14], [2, 13], [3, 16], [4, 15], [5, 10], [6, 9], [7, 12], [8, 11], [17, 30], [18, 29], [19, 32], [20, 31], [21, 26], [22, 25], [23, 28], [24, 27]]
[[1, 15], [2, 16], [3, 13], [4, 14], [5, 11], [6, 12], [7, 9], [8, 10], [17, 31], [18, 32], [19, 29], [20, 30], [21, 27], [22, 28], [23, 25], [24, 26]]
[[1, 16], [2, 15], [3, 14], [4, 13], [5, 12], [6, 11], [7, 10], [8, 9], [17, 32], [18, 31], [19, 30], [20, 29], [21, 28], [22, 27], [23, 26], [24, 25]]
[[1, 17], [2, 18], [3, 19], [4, 20], [5, 21], [6, 22], [7, 23], [8, 24], [9, 25], [10, 26], [11, 27], [12, 28], [13, 29], [14, 30], [15, 31], [16, 32]]
[[1, 18], [2, 17], [3, 20], [4, 19], [5, 22], [6, 21], [7, 24], [8, 23], [9, 26], [10, 25], [11, 28], [12, 27], [13, 30], [14, 29], [15, 32], [16, 31]]
[[1, 19], [2, 20], [3, 17], [4, 18], [5, 23], [6, 24], [7, 21], [8, 22], [9, 27], [10, 28], [11, 25], [12, 26], [13, 31], [14, 32], [15, 29], [16, 30]]
[[1, 20], [2, 19], [3, 18], [4, 17], [5, 24], [6, 23], [7, 22], [8, 21], [9, 28], [10, 27], [11, 26], [12, 25], [13, 32], [14, 31], [15, 30], [16, 29]]
[[1, 21], [2, 22], [3, 23], [4, 24], [5, 17], [6, 18], [7, 19], [8, 20], [9, 29], [10, 30], [11, 31], [12, 32], [13, 25], [14, 26], [15, 27], [16, 28]]
[[1, 22], [2, 21], [3, 24], [4, 23], [5, 18], [6, 17], [7, 20], [8, 19], [9, 30], [10, 29], [11, 32], [12, 31], [13, 26], [14, 25], [15, 28], [16, 27]]
[[1, 23], [2, 24], [3, 21], [4, 22], [5, 19], [6, 20], [7, 17], [8, 18], [9, 31], [10, 32], [11, 29], [12, 30], [13, 27], [14, 28], [15, 25], [16, 26]]
[[1, 24], [2, 23], [3, 22], [4, 21], [5, 20], [6, 19], [7, 18], [8, 17], [9, 32], [10, 31], [11, 30], [12, 29], [13, 28], [14, 27], [15, 26], [16, 25]]
[[1, 25], [2, 26], [3, 27], [4, 28], [5, 29], [6, 30], [7, 31], [8, 32], [9, 17], [10, 18], [11, 19], [12, 20], [13, 21], [14, 22], [15, 23], [16, 24]]
[[1, 26], [2, 25], [3, 28], [4, 27], [5, 30], [6, 29], [7, 32], [8, 31], [9, 18], [10, 17], [11, 20], [12, 19], [13, 22], [14, 21], [15, 24], [16, 23]]
[[1, 27], [2, 28], [3, 25], [4, 26], [5, 31], [6, 32], [7, 29], [8, 30], [9, 19], [10, 20], [11, 17], [12, 18], [13, 23], [14, 24], [15, 21], [16, 22]]
[[1, 28], [2, 27], [3, 26], [4, 25], [5, 32], [6, 31], [7, 30], [8, 29], [9, 20], [10, 19], [11, 18], [12, 17], [13, 24], [14, 23], [15, 22], [16, 21]]
[[1, 29], [2, 30], [3, 31], [4, 32], [5, 25], [6, 26], [7, 27], [8, 28], [9, 21], [10, 22], [11, 23], [12, 24], [13, 17], [14, 18], [15, 19], [16, 20]]
[[1, 30], [2, 29], [3, 32], [4, 31], [5, 26], [6, 25], [7, 28], [8, 27], [9, 22], [10, 21], [11, 24], [12, 23], [13, 18], [14, 17], [15, 20], [16, 19]]
[[1, 31], [2, 32], [3, 29], [4, 30], [5, 27], [6, 28], [7, 25], [8, 26], [9, 23], [10, 24], [11, 21], [12, 22], [13, 19], [14, 20], [15, 17], [16, 18]]
[[1, 32], [2, 31], [3, 30], [4, 29], [5, 28], [6, 27], [7, 26], [8, 25], [9, 24], [10, 23], [11, 22], [12, 21], [13, 20], [14, 19], [15, 18], [16, 17]]
