


 20 players
{escape:, 192, pointer:, 59, ?, false}
{escape:, 192, pointer:, 159, ?, false}
{escape:, 192, pointer:, 159, ?, false}
{escape:, 192, pointer:, 159, ?, false}
{escape:, 192, pointer:, 159, ?, false}
{escape:, 192, pointer:, 158, ?, false}
{escape:, 192, pointer:, 159, ?, false}
{escape:, 192, pointer:, 159, ?, false}
{escape:, 192, pointer:, 158, ?, false}
{escape:, 192, pointer:, 159, ?, false}
{escape:, 192, pointer:, 159, ?, false}
{escape:, 192, pointer:, 159, ?, false}
{escape:, 192, pointer:, 159, ?, false}
{escape:, 192, pointer:, 158, ?, false}
{escape:, 192, pointer:, 159, ?, false}
{escape:, 192, pointer:, 159, ?, false}
{escape:, 192, pointer:, 169, ?, false}
{escape:, 192, pointer:, 159, ?, false}
{escape:, 192, pointer:, 158, ?, false}
{escape:, 192, pointer:, 158, ?, false}
{escape:, 192, pointer:, 169, ?, false}
{escape:, 192, pointer:, 159, ?, false}
{escape:, 192, pointer:, 159, ?, false}


20 players are scheduled on step 8420
[[13, 19], [15, 17], [18, 20], [10, 16], [2, 4], [5, 11], [6, 12], [3, 9], [7, 14], [1, 8]]
[[9, 20], [2, 10], [4, 8], [14, 19], [3, 5], [6, 11], [7, 13], [1, 15], [16, 18], [12, 17]]
[[9, 12], [15, 18], [11, 16], [5, 14], [1, 2], [3, 8], [19, 20], [7, 17], [4, 13], [6, 10]]
[[5, 9], [6, 7], [14, 20], [12, 13], [16, 17], [3, 18], [1, 19], [8, 10], [2, 11], [4, 15]]
[[3, 6], [7, 18], [1, 16], [12, 15], [9, 19], [2, 17], [8, 14], [4, 10], [11, 13], [5, 20]]
[[7, 20], [1, 9], [4, 17], [2, 13], [10, 18], [12, 16], [5, 19], [8, 11], [6, 14], [3, 15]]
[[13, 16], [1, 11], [4, 5], [14, 18], [3, 10], [7, 15], [12, 20], [2, 6], [17, 19], [8, 9]]
[[1, 7], [14, 15], [8, 12], [10, 19], [16, 20], [13, 17], [4, 11], [5, 6], [2, 3], [9, 18]]
[[7, 10], [11, 14], [5, 8], [17, 18], [15, 19], [9, 13], [1, 6], [3, 16], [4, 20], [2, 12]]
[[6, 16], [9, 17], [1, 18], [10, 12], [7, 8], [11, 20], [2, 15], [4, 14], [5, 13], [3, 19]]
[[3, 4], [5, 10], [8, 16], [15, 20], [11, 17], [2, 19], [9, 14], [1, 13], [7, 12], [6, 18]]
[[10, 20], [4, 18], [2, 16], [3, 17], [8, 19], [13, 15], [1, 5], [12, 14], [7, 11], [6, 9]]
[[15, 16], [7, 9], [12, 19], [2, 8], [14, 17], [3, 13], [10, 11], [1, 4], [5, 18], [6, 20]]
[[5, 7], [10, 17], [4, 16], [6, 13], [1, 14], [2, 20], [8, 18], [9, 15], [11, 19], [3, 12]]
[[2, 9], [5, 12], [13, 20], [10, 14], [4, 19], [6, 17], [8, 15], [7, 16], [1, 3], [11, 18]]
[[5, 17], [4, 12], [13, 14], [1, 20], [7, 19], [2, 18], [6, 8], [9, 16], [3, 11], [10, 15]]
[[6, 15], [3, 20], [14, 16], [2, 5], [1, 12], [4, 7], [10, 13], [9, 11], [8, 17], [18, 19]]
[[17, 20], [2, 14], [11, 15], [3, 7], [5, 16], [6, 19], [1, 10], [8, 13], [4, 9], [12, 18]]
[[16, 19], [3, 14], [8, 20], [9, 10], [2, 7], [4, 6], [13, 18], [11, 12], [5, 15], [1, 17]]
